# ModelCHECK Standard Sheet Metal Thicknesses File
#
UNIT  INCH
.005
.006
.007
.008
.009
.010
.011
.012
.013
.014
.015
.016
.017
.018
.019
.020
.021
.022
.023
.024
.025
.026
.027
.028
.029
.030
.031
.032
.033
.034
.035
.036
.037
.038
.039
.040
.041
.042
.043
.044
.045
.046
.047
.048
.049
.050
.051
.052
.053
.054
.055
.056
.057
.058
.059
.060
.061
.062
.063
.064
.065
.066
.067
.068
.069
.070
.071
.072
.073
.074
.075
.076
.077
.078
.079
.080
.081
.082
.083
.084
.085
.086
.087
.088
.089
.090
.091
.092
.093
.094
.095
.096
.097
.098
.099
.100
.105
.110
.115
.120
.125
.130
.135
.140
.145
.150
.155
.160
.165
.170
.175
.180
.185
.190
.195
.200
.210
.220
.230
.240
.250
.260
.270
.280
.290
.300
.310
.320
.330
.340
.350
.360
.370
.380
.390
.400
.410
.420
.430
.440
.450
.460
.470
.480
.490
.500
.510
.520
.530
.540
.550
.560
.570
.580
.590
.600
.625
.650
.675
.700
.725
.750
.775
.800
.825
.850
.875
.900
.925
.950
.975
1.000

#
#
UNIT  MM
0.13
0.15
0.18
0.20
0.23
0.25
0.28
0.30
0.33
0.35
0.38
0.40
0.43
0.45
0.48
0.50
0.53
0.55
0.58
0.60
0.63
0.65
0.68
0.70
0.73
0.75
0.78
0.80
0.83
0.85
0.88
0.90
0.93
0.95
0.98
1.00
1.02
1.05
1.07
1.10
1.12
1.15
1.17
1.20
1.22
1.25
1.27
1.30
1.32
1.35
1.37
1.40
1.42
1.45
1.47
1.50
1.52
1.55
1.57
1.60
1.63
1.65
1.68
1.70
1.73
1.75
1.78
1.80
1.83
1.85
1.88
1.90
1.93
1.95
1.98
2.00
2.03
2.05
2.08
2.10
2.13
2.15
2.18
2.20
2.23
2.25
2.28
2.30
2.33
2.35
2.38
2.40
2.43
2.45
2.48
2.50
2.53
2.55
2.58
2.60
2.63
2.65
2.68
2.70
2.73
2.75
2.78
2.80
2.83
2.85
2.88
2.90
2.93
2.95
2.98
3.00
3.05
3.10
3.15
3.20
3.25
3.30
3.35
3.40
3.45
3.50
3.55
3.60
3.65
3.70
3.75
3.80
3.85
3.90
3.95
4.00
4.10
4.20
4.30
4.40
4.50
4.60
4.70
4.80
4.90
5.00
5.10
5.20
5.30
5.40
5.50
5.60
5.70
5.80
5.90
6.00
6.25
6.50
6.75
7.00
7.25
7.50
7.75
8.00
8.25
8.50
8.75
9.00
9.25
9.50
9.75
10.00
