# ModelCHECK Standard Drill and Tap Size File

# =========================
# INCH DRILL SIZES
# =========================

UNIT INCH

# Fractional
0.0135
0.0160
0.0200
0.0250
0.0313
0.0370
0.0430
0.0520
0.0625
0.0781
0.0938
0.1094
0.1250
0.1406
0.1563
0.1719
0.1875
0.2031
0.2188
0.2344
0.2500
0.2656
0.2813
0.2969
0.3125
0.3281
0.3438
0.3594
0.3750
0.3906
0.4063
0.4219
0.4375
0.4531
0.4688
0.4844
0.5000
0.5313
0.5625
0.5938
0.6250
0.6563
0.6875
0.7188
0.7500
0.7813
0.8125
0.8438
0.8750
0.9063
0.9375
1.0000

# Number drills (#80–#1)
0.0135
0.0145
0.0156
0.0160
0.0180
0.0200
0.0225
0.0240
0.0260
0.0280
0.0310
0.0330
0.0350
0.0370
0.0400
0.0420
0.0465
0.0520
0.0550
0.0595
0.0625
0.0670
0.0700
0.0730
0.0760
0.0785
0.0810
0.0860
0.0890
0.0935
0.0960
0.0995
0.1015
0.1040
0.1065
0.1100
0.1130
0.1160
0.1200
0.1250
0.1285
0.1320
0.1360
0.1405
0.1440
0.1470
0.1495
0.1520
0.1540
0.1570
0.1590
0.1610
0.1660
0.1695
0.1730
0.1770
0.1800
0.1820
0.1850
0.1890
0.1910
0.1935
0.1960
0.1990
0.2010
0.2040
0.2055
0.2090
0.2130
0.2160
0.2210
0.2280

# Letter drills (A–Z)
0.2340
0.2380
0.2420
0.2460
0.2500
0.2570
0.2610
0.2660
0.2720
0.2770
0.2810
0.2900
0.2950
0.3020
0.3160
0.3230
0.3320
0.3390
0.3480
0.3580
0.3680
0.3770
0.3860
0.3970
0.4040
0.4130

# =========================
# INCH TAP DRILL SIZES
# =========================

# UNC
0.0890
0.1065
0.1360
0.1590
0.2010
0.2570
0.3125
0.3680
0.4219
0.5313
0.6563
0.7813
0.9063

# UNF
0.0980
0.1160
0.1470
0.1590
0.2130
0.2720
0.3320
0.3906
0.4531
0.5781
0.7031
0.8125
0.9375

# =========================
# METRIC DRILL SIZES
# =========================

UNIT MM

0.5
0.6
0.7
0.8
0.9
1.0
1.1
1.2
1.3
1.4
1.5
1.6
1.8
2.0
2.2
2.5
2.8
3.0
3.2
3.5
4.0
4.2
4.5
5.0
5.5
6.0
6.5
7.0
7.5
8.0
8.5
9.0
9.5
10.0
10.5
11.0
11.5
12.0
12.5
13.0
14.0
15.0
16.0
17.0
18.0
19.0
20.0

# =========================
# METRIC TAP DRILL SIZES
# =========================

2.5
3.3
4.2
5.0
6.8
8.5
10.2
12.0
13.5
15.0
17.5
20.0
